Los pesos de la red neuronal son:
[[-0.66021024  0.25020668 -0.30761165 -0.12564945 -0.29527969 -0.41609427
  -0.30560587  0.09966906 -0.32042649  0.73657691]
 [ 0.29648767  0.45209619 -0.03992239  0.16409571  0.21076006 -0.6496373
  -0.19284759 -0.14993867 -0.41971322  0.90619059]
 [ 0.59726483 -0.52590568 -0.10009681 -0.31001931 -0.27917551 -0.16404637
  -0.73459618  0.0296138   0.19372503  0.09349319]
 [-1.0255982  -0.40931447 -0.3530949  -0.67158075 -0.33598988 -0.70759045
   0.02582459  0.12306351 -0.57743641 -0.21963321]
 [-0.45458391  0.24986806 -0.22848642 -0.55547541  0.71395578 -0.40733902
  -0.41280583 -0.53475328  0.59566592  0.48123622]], [[-0.32603898]
 [ 0.00525605]
 [-0.13090316]
 [-0.5224843 ]
 [ 0.70644655]
 [ 0.3333276 ]
 [-0.16492878]
 [-0.0730231 ]
 [ 0.597948  ]
 [ 0.35150899]]Los biases de la red neuronal son:
[-0.36013498 -0.00123711 -0.23007009 -0.00743066 -0.22177221  0.26769401
  0.46750453  0.58827326 -0.14098625 -0.56907052], [0.29834745]